version https://git-lfs.github.com/spec/v1
oid sha256:3dcc0aaf2f9e9731c5eacc05a8015b63fd448a1e5db6703cead60a5d2dcbf549
size 154
